2 3 3 
16 19 19 
21 29 27 
0 20 15 26 21 24 16 12 20 10 7 
20 0 28 10 16 15 16 26 19 19 4 
15 28 0 20 12 10 24 18 13 15 17 
26 10 20 0 26 16 23 21 8 19 16 
21 16 12 26 0 20 15 10 13 12 16 
24 15 10 16 20 0 15 12 14 7 12 
16 16 24 23 15 15 0 13 17 22 12 
12 26 18 21 10 12 13 0 18 9 19 
20 19 13 8 13 14 17 18 0 7 21 
10 19 15 19 12 7 22 9 7 0 18 
7 4 17 16 16 12 12 19 21 18 0 
