2 3 3 
7 8 16 
28 22 25 
0 18 24 18 18 17 16 15 13 8 22 
18 0 8 23 23 25 18 18 12 24 11 
24 8 0 14 26 10 18 14 13 15 16 
18 23 14 0 13 16 18 26 10 17 8 
18 23 26 13 0 15 13 20 17 19 20 
17 25 10 16 15 0 26 16 16 16 21 
16 18 18 18 13 26 0 9 20 16 16 
15 18 14 26 20 16 9 0 19 23 8 
13 12 13 10 17 16 20 19 0 17 24 
8 24 15 17 19 16 16 23 17 0 15 
22 11 16 8 20 21 16 8 24 15 0 
