3 2 3 
16 9 
22 26 23 
0 10 18 13 20 11 25 8 25 24 7 
10 0 21 25 13 20 20 22 9 9 11 
18 21 0 17 21 10 23 23 12 12 20 
13 25 17 0 16 19 19 9 17 12 7 
20 13 21 16 0 10 20 20 16 21 18 
11 20 10 19 10 0 15 10 22 24 13 
25 20 23 19 20 15 0 23 15 19 12 
8 22 23 9 20 10 23 0 21 19 5 
25 9 12 17 16 22 15 21 0 21 8 
24 9 12 12 21 24 19 19 21 0 12 
7 11 20 7 18 13 12 5 8 12 0 
