2 3 3 
19 10 19 
24 27 22 
0 16 23 14 6 6 13 14 19 11 15 
16 0 22 13 18 17 14 15 14 15 13 
23 22 0 12 14 24 27 17 23 14 16 
14 13 12 0 11 17 13 18 17 18 14 
6 18 14 11 0 15 19 16 16 15 17 
6 17 24 17 15 0 10 23 9 5 16 
13 14 27 13 19 10 0 26 16 20 20 
14 15 17 18 16 23 26 0 27 15 10 
19 14 23 17 16 9 16 27 0 23 13 
11 15 14 18 15 5 20 15 23 0 10 
15 13 16 14 17 16 20 10 13 10 0 
