1 4 3 
17 15 19 16 
21 27 28 
0 15 7 22 21 18 16 16 15 18 18 
15 0 17 13 12 25 16 11 20 17 9 
7 17 0 22 13 18 25 16 15 19 23 
22 13 22 0 7 21 17 11 13 19 18 
21 12 13 7 0 4 12 20 13 13 12 
18 25 18 21 4 0 17 13 22 18 11 
16 16 25 17 12 17 0 10 13 22 13 
16 11 16 11 20 13 10 0 16 13 22 
15 20 15 13 13 22 13 16 0 9 16 
18 17 19 19 13 18 22 13 9 0 13 
18 9 23 18 12 11 13 22 16 13 0 
