3 2 3 
11 11 
22 23 27 
0 8 16 15 21 21 13 12 15 26 13 
8 0 15 9 25 18 6 20 22 13 17 
16 15 0 19 16 27 13 22 15 13 12 
15 9 19 0 12 16 5 11 18 18 13 
21 25 16 12 0 18 17 18 18 11 16 
21 18 27 16 18 0 17 14 25 5 18 
13 6 13 5 17 17 0 20 11 15 16 
12 20 22 11 18 14 20 0 15 22 13 
15 22 15 18 18 25 11 15 0 14 10 
26 13 13 18 11 5 15 22 14 0 6 
13 17 12 13 16 18 16 13 10 6 0 
