1 4 3 
17 14 10 8 
21 25 23 
0 18 16 23 15 18 22 19 24 20 10 
18 0 9 9 22 22 14 7 13 16 20 
16 9 0 15 21 7 17 12 6 25 19 
23 9 15 0 21 23 8 22 13 14 5 
15 22 21 21 0 18 19 22 18 24 14 
18 22 7 23 18 0 17 5 20 17 8 
22 14 17 8 19 17 0 15 17 18 17 
19 7 12 22 22 5 15 0 19 11 22 
24 13 6 13 18 20 17 19 0 14 20 
20 16 25 14 24 17 18 11 14 0 16 
10 20 19 5 14 8 17 22 20 16 0 
