1 6 3 
11 24 10 16 18 26 
84 112 155 
0 26 19 22 11 5 14 10 21 13 21 17 8 12 14 
26 0 19 20 19 23 20 28 13 27 25 12 12 26 18 
19 19 0 16 22 13 12 20 14 10 14 26 14 14 10 
22 20 16 0 14 17 21 26 21 12 10 12 24 16 15 
11 19 22 14 0 24 6 15 4 18 15 12 10 6 8 
5 23 13 17 24 0 21 17 22 10 13 14 9 12 17 
14 20 12 21 6 21 0 5 9 20 10 5 17 11 14 
10 28 20 26 15 17 5 0 19 22 6 15 28 12 27 
21 13 14 21 4 22 9 19 0 10 9 16 14 15 18 
13 27 10 12 18 10 20 22 10 0 16 23 11 11 18 
21 25 14 10 15 13 10 6 9 16 0 21 15 13 19 
17 12 26 12 12 14 5 15 16 23 21 0 17 18 7 
8 12 14 24 10 9 17 28 14 11 15 17 0 21 7 
12 26 14 16 6 12 11 12 15 11 13 18 21 0 11 
14 18 10 15 8 17 14 27 18 18 19 7 7 11 0 
