3 4 3 
10 28 12 28 
193 93 106 
0 24 23 21 15 21 16 19 20 18 14 15 14 20 19 
24 0 8 16 14 14 22 12 9 10 19 15 7 20 26 
23 8 0 18 7 21 12 13 27 23 20 5 20 8 19 
21 16 18 0 19 9 16 17 15 13 10 17 20 18 28 
15 14 7 19 0 27 24 16 16 23 18 21 15 15 13 
21 14 21 9 27 0 18 23 10 13 20 19 11 16 15 
16 22 12 16 24 18 0 26 13 14 17 16 19 15 13 
19 12 13 17 16 23 26 0 24 11 7 17 15 10 23 
20 9 27 15 16 10 13 24 0 26 20 9 17 6 16 
18 10 23 13 23 13 14 11 26 0 23 12 21 14 16 
14 19 20 10 18 20 17 7 20 23 0 12 6 17 18 
15 15 5 17 21 19 16 17 9 12 12 0 17 22 9 
14 7 20 20 15 11 19 15 17 21 6 17 0 25 18 
20 20 8 18 15 16 15 10 6 14 17 22 25 0 14 
19 26 19 28 13 15 13 23 16 16 18 9 18 14 0 
