2 5 3 
15 24 14 18 18 
153 109 183 
0 16 15 14 17 18 23 13 13 10 10 10 10 22 12 
16 0 18 23 21 13 21 19 13 20 7 17 10 26 8 
15 18 0 5 18 6 9 21 23 20 17 17 22 12 7 
14 23 5 0 19 24 20 20 15 18 15 11 20 16 21 
17 21 18 19 0 18 5 20 10 28 18 24 22 25 21 
18 13 6 24 18 0 9 10 17 18 18 15 24 14 20 
23 21 9 20 5 9 0 11 17 15 12 12 25 25 14 
13 19 21 20 20 10 11 0 22 19 10 18 18 13 8 
13 13 23 15 10 17 17 22 0 20 14 17 5 26 12 
10 20 20 18 28 18 15 19 20 0 15 28 26 13 13 
10 7 17 15 18 18 12 10 14 15 0 20 23 14 12 
10 17 17 11 24 15 12 18 17 28 20 0 26 15 18 
10 10 22 20 22 24 25 18 5 26 23 26 0 18 17 
22 26 12 16 25 14 25 13 26 13 14 15 18 0 17 
12 8 7 21 21 20 14 8 12 13 12 18 17 17 0 
